2854
15522
15249
37109
18080
14833
16457
6580
33401
27936
3473
32233
22854
5536
14348
28702
18211
33684
35354
22116
7717
19562
34884
16043
4459
21339
28779
28790
33987
2887
KJmod0
10125
35359
33463
19716
15678
29103
24676
2823
28676
21783
18065
17004
26489
9446
15145
5565
20883
1867
4196
9460
33429
14700
9821
29892
35732
2950
3496
565
32300
25051
7210
26688
1161656
21646
19790
3805
9331
798
875
23092
5619
19763
18801
26561
27039
29434
3297
t.o.f
26193
17795
25179
33148
6277
14992
27905
35206
10393
4358
10810
1918
10924
9601
27082
33021
4208
18966
18373
36588
761
15373
11752
34286
23004
10382
34697
16112
34566
32650
13367
15931
2222
26931
15823
26739
11312
21146
10305
12734
33462
38059
1246
27627
34699
21503
6601
2588
23100
23330
14015
6155
30475
28318
35267
32484
2179
21093
36471
12771
21955
31311
5692
13504
29365
19258
30311
26545
25308
10137
30701
4163
12893
276
13392
37228
33970
1367
8529
11453
15786
35044
32112
37054
26568
19664
36309
14236
36432
16047
9197
25025
15734
36464
3750
34279
25840
18180
9923
6075
12552
28290
21840
18246
29171
34600
15922
1450
21015
17818
17738
24503
32723
4288
21962
35617
33010
25668
26590
28547
11626
24993
1646
5282
10519
36621
27717
6885
